34,21
34,20
35,10
34,19
34,18
34,17
34,16
33,255
33,254
33,253
33,252
33,251
33,250
33,249
33,248
33,247
33,246
34,15
0,511
0,510
0,509
0,508
0,507
0,506
0,505
0,504
0,503
0,502
0,501
34,14
34,13
0,500
0,499
0,498
0,497
34,12
0,496
0,495
0,494
34,11
33,245
0,493
0,492
0,491
0,490
0,489
0,488
0,487
0,486
40,11
40,10
40,9
40,8
40,7
34,10
40,6
40,5
0,485
0,484
40,4
33,244
33,8
33,6
33,4
33,243
33,242
33,241
33,240
33,239
33,238
33,237
33,236
33,235
0,483
42,10
42,9
42,8
42,7
42,6
42,5
42,4
0,482
0,481
0,480
0,479
50,3
50,2
50,1
50,0
49,3
49,2
49,1
49,0
48,3
48,2
48,1
48,0
47,3
47,2
47,1
47,0
46,3
46,2
46,1
46,0
45,3
45,2
45,1
45,0
0,478
44,3
44,2
44,1
44,0
43,3
43,2
43,1
43,0
42,3
42,2
42,1
42,0
41,3
41,2
41,1
41,0
40,3
40,2
40,1
40,0
39,3
39,2
39,1
39,0
33,234
33,233
33,232
33,231
33,230
33,229
33,228
33,227
33,226
33,225
33,224
33,223
33,222
33,221
33,220
33,219
33,218
33,217
33,216
33,215
33,214
33,213
33,212
33,211
33,210
33,209
33,208
33,207
33,206
33,205
33,204
33,203
33,202
33,201
33,200
33,199
33,198
33,197
33,196
33,195
33,194
33,193
33,192
33,191
33,190
33,189
33,188
33,187
33,186
33,185
33,184
33,183
33,182
33,181
33,180
33,179
33,178
33,177
33,176
33,175
33,174
33,173
